natives_westeros = {
	graphical_culture = westerngfx
	color = { 20 20 20 }
	icon = 1
	
	unit = westerosi_swordsman
	
	provinces = {
		1 
	}
}

natives_essos = {
	graphical_culture = easterngfx
	color = { 40 40 40 }
	icon = 1
	
	unit = essosian_swordsman
	
	provinces = {
        401 402 413 412 411 410 405 414 430 428 429 482 427 487 487 486 423 421 488 489 490 537 539 
        538 689 598 761 596 760 759 755 756 597 757 758 691 600 603 604 692 605 693 695 694 696 697 698 
        700 699 565 702 705 704 643 644 707 645 661 712 711 714 713 659 658 657 652 651 653 656 655 654 
        650 642 641 635 706 703 570 569 568 567 566 563 564 565 556 555 553 552 542 541 540 549 548 551 550 546 547 571 572 573 574 710 578 575 716 718 717 715
		686 685 688 687 684 840 839 841 851 876 859 860 858 850 838 837 853 857 854 855 856 862 863 864 
		833 831 829 824 830 826 827 828 825 1395 1470 1391 1390 1472 1389 1471 1381 1474 1473 1382 1386 1385 1383 1384 1380 1379 476 1378 1477 817 879 1394 815 1392 819 877 878 824
		3019 1373 1372 3020 1376 1478 1377 1375 1371 3021 1479 1367 1370 1366 1365 1480 1368 1369 810 809 1481
		1364 1363 802 1362 798 803 796 797 805 806 771 873 872
		793 789 1146 1145 788
		1403 1404 1405 1400 1407 1409 1408 1410 1411 1413 1412 1416 141 1415 1401 1406 1402 1414 834 1399 1397 1398 1396
	}
}

natives_ulthosi = {
	graphical_culture = easterngfx
	color = { 160 160 160 }
	icon = 3
	
	unit = essosian_swordsman
	
	provinces = {
		799 800 1515 1512 1322 1321 1323 1324 1325 1326 1327 1330 1329 1328 1513 1331 1332 1333 1337 1334 1335 1341 1342 1340 1339 1336 
        1338 1509 1510 1343 1344 1508 1345 1347 1507 1349 1506 1346 1348 
        1505 1350 1502 1500 1351 1499 1352 1353 1498 1354 1501 1355 1503 
        1357 1358 1359 1356 1514 794 1360 1361 1511 1494 1495 1482 1493 1483 1485 1486 1487 1484 1497 1492 1491 1489 1490 1488 1496
	}
}

natives_brindlemen = {
	graphical_culture = easterngfx
	color = { 180 180 180 }
	icon = 3
	
	unit = essosian_swordsman
	
	provinces = {
		1469 748 742 743 744 747 749 750 751 752 753 754 1319 746 1320 1318 353 963 1187 740 741 1221 738 1130 1464 739 1317 1316 1219 1305 1458 735 1315 736 1314 1465 1311 1312 1466 1220 1313 1166 1203 1457 1209 1162 1306 1207 1085 959 958 1088 1006 1206 1308 1208
        1309 1199 1079 1084 1205 1080 1081 1132 1168 1086 1304 1089 
        1094 1090 1093 1092 1165 1215 1137 1091 1216 1468 1188 1163 1463 
        1462 1217 1189 1310 1461 1460 1307 1459 1303 1218 1213 1214 1453 
        1134 1164 1202 1135 1456 1455 1210 1211 1212 1197 1204 1138 1167 
        1133 1467 1161 1136 1131 1200 1169 1184 1175 1176 1201 1198 1454
	}
}
